1849
1775
1991
1402
1868
1881
1720
1765
1750
1640
1840
1423
757
1784
1060
1027
1756
1560
421
1618
799
1242
1691
1317
1902
1826
1669
996
1811
1566
1579
1920
1757
1564
847
823
632
1461
765
1400
1040
1912
1587
1070
766
1832
1334
1967
709
1592
1969
601
955
1615
1197
1222
1259
1550
1341
793
1649
977
1189
1825
1245
1001
1188
1020
1033
671
1869
838
1697
1768
985
1975
1339
1875
1866
1854
1540
1299
833
880
806
698
1190
1348
1354
1740
1471
1228
1716
1673
1958
1401
1123
1542
1518
1414
1759
741
1085
702
1827
1822
1831
576
1722
1183
1824
1330
1023
1035
291
1121
1166
1176
98
676
1999
1746
1217
239
843
1386
1872
1184
1728
612
1828
1834
1135
1911
1638
1530
859
1167
1648
1979
1718
1093
1010
1284
951
1961
1111
284
526
1693
484
1249
1271
740
1552
362
1517
1500
1050
1344
473
590
768
1617
1790
1780
1368
1738
1013
1416
1641
1124
394
606
1644
275
1933
367
1292
1457
1294
1657
1198
1614
282
1699
1207
518
1193
1125
1568
1751
1762
1601
199
448
872
1533
1684
1313
554
1002
1028
1208
802
1469
179
1092
385
1786
1758
1817
691
668
1104
1426
1397
842
1247
1760
499
1141
492
921
805
646
779
366
1360
655
1529
1359
475
1425
1543
1484
1996
1898
1430
1011
1446
1058
1089
1098
1415
599
761
368
439
1732
1178
1226
1984
1492
1577
383
538
1044
925
260
1541
713
84
1436
1008
1944
1653
930
1593
696
855
1214
1845
941
1663
1737
742
1899
1814
1231
1509
1621
1747
211
348
1986
1459
1103
1420
1807
1458
1142
898
657
1888
1705
611
1544
1772
638
1129
283
349
1371
738
1976
1075
1978
574
1257
1571
617
828
1466
253
1353
1194
1694
926
22
1159
722
1860
593
1224
1270
302
1380
1054
1213
689
1624
1288
943
1025
1251
1859
1163
1525
1133
618
817
684
758
1042
1742
317
1130
1467
1182
1394
177
1438
1635
1006
1250
1179
1586
1752
854
1083
48
1157
675
1136
559
1948
912
751
223
151
1209
1382
1276
237
321
124
1719
659
604
1819
913
905
939
437
1363
415
191
1712
938
900
636
1695
37
1260
1895
1867
235
1554
1800
1337
212
411
1067
1985
1947
27
232
610
551
1452
585
1325
1122
1664
598
578
1655
641
1164
1950
31
161
764
1372
944
1502
271
312
146
327
811
1536
1210
893
1779
750
217
775
1016
878
1622
889
975
1056
431
997
1877
1475
1698
993
1612
1411
1220
1590
1263
204
681
308
963
1767
1041
788
621
1803
1451
1598
728
1820
1281
1671
1965
301
1232
1326
417
430
1201
588
529
316
1843
1378
1666
1930
1448
1988
418
640
289
733
176
989
229
1434
1283
1015
755
73
392
479
708
1463
1971
1312
1983
1108
1842
1690
1602
1741
940
1743
1862
1162
927
1300
95
1095
266
369
471
1047
1417
256
1453
1152
1808
991
914
825
1583
371
426
1384
970
498
493
932
568
1802
1246
1296
603
1532
440
1903
258
1437
1486
782
1140
1435
1298
1440
875
1243
622
1575
83
1200
712
1523
1009
567
662
376
614
39
1627
652
609
1215
1558
683
1493
494
88
1844
1134
1771
1366
1391
364
1161
1569
1393
78
1838
1212
630
1562
1153
694
824
1931
1714
754
1711
488
1113
1980
1476
1596
105
378
902
1600
1835
1195
1987
1102
487
1073
865
645
876
1369
1021
1915
74
1017
172
408
1630
580
953
1584
1791
1836
703
1974
1645
1766
888
310
1110
1735
1131
1447
1951
1158
1403
830
40
796
1537
1611
106
1418
1685
1818
800
608
864
1045
1994
1490
1785
1662
1468
1934
25
42
904
749
56
1960
1479
325
1708
1478
1642
1431
583
216
501
1395
1913
1675
1497
1462
1495
1526
1857
1350
1241
8
1464
753
1107
1680
1268
903
923
424
1789
1381
1202
428
1364
1007
456
665
245
1932
185
1674
917
257
1375
1333
265
1810
201
1861
1651
422
605
1656
1658
919
304
1812
1146
548
971
443
347
528
68
13
32
844
743
341
849
144
1109
1634
1696
329
313
1886
727
541
1319
1331
413
525
242
1848
1938
572
988
1918
1076
104
1561
826
1126
1744
1396
1940
184
1429
292
1079
82
1356
1973
1340
1206
1667
986
1005
131
994
1049
1524
992
100
792
400
203
1410
1090
142
653
513
269
425
1456
0
1080
934
482
1574
10
26
724
1032
1883
619
113
1546
810
1921
710
1498
320
1236
527
123
726
1196
353
1589
1726
407
1753
952
1855
118
112
1678
1816
1794
948
564
372
290
175
53
1521
1267
1782
1545
1709
396
1796
352
181
170
947
514
1713
561
459
1321
357
908
259
148
1754
1748
1628
935
1907
1303
152
1692
240
697
804
274
182
1225
1923
1829
450
1941
1531
1955
81
485
780
126
1928
850
87
795
1039
1992
1432
7
1474
252
1863
627
1567
998
1019
449
1964
1897
1916
519
58
19
267
1511
214
906
1936
168
550
1441
540
1604
427
1905
1565
933
848
729
28
1105
293
1258
562
328
1347
790
890
995
552
584
1342
1989
388
288
1665
230
1982
77
510
1578
1038
420
23
1957
1856
1204
533
1454
772
375
1128
786
700
680
141
922
1893
1449
663
1256
899
960
391
1977
1668
1328
93
895
809
735
736
334
949
946
159
1147
386
964
631
263
744
626
748
462
1148
96
866
1734
1556
1573
1706
1421
1309
472
807
812
11
534
1139
1993
1293
30
305
820
1470
1066
294
340
1203
1057
363
1322
1805
1084
565
1701
664
1654
132
261
924
570
961
1311
166
962
451
658
434
1865
272
1904
454
1605
1804
719
1477
509
1030
837
1594
1465
57
220
209
901
1900
432
1433
1265
982
685
1175
1
1889
1687
1981
1507
1173
483
1676
1086
1998
1871
1262
1781
1332
515
1081
433
1244
1211
573
1876
128
1925
49
1022
1966
1151
1503
80
1626
213
829
1053
1681
511
169
1118
248
818
138
730
1725
1422
346
1739
1555
1778
1501
287
233
983
1599
1100
613
1660
1585
1234
759
715
350
928
285
1261
1413
648
987
300
1003
589
1026
1408
1774
1227
840
536
1295
539
931
1623
215
399
1444
1029
1000
1254
660
1515
910
120
530
1223
1963
1239
1519
1018
704
625
231
1776
429
647
1787
542
650
1427
720
767
241
303
563
1343
249
109
791
1392
299
508
1946
1063
1858
337
836
480
624
1269
1953
1043
67
1499
984
1308
154
555
1922
330
725
1352
1301
147
739
155
198
1813
1878
1505
1237
278
1887
1788
1792
262
1547
1012
374
1491
1851
797
546
1798
1062
827
1428
85
1763
117
497
1264
228
222
1729
1160
907
416
1191
1647
1847
332
693
476
409
832
380
297
343
1192
1917
1608
531
669
686
942
458
974
1482
1287
1168
999
1793
877
111
1620
1398
1488
1187
628
535
1082
495
1570
853
71
59
1882
1799
1253
1388
1310
76
490
1625
1077
500
976
18
47
1551
616
1704
183
896
1715
1315
1154
210
1616
815
1218
781
1721
1305
171
1837
467
1652
1385
1949
1736
119
524
335
86
633
1682
134
666
89
549
110
667
1730
251
1864
784
34
860
62
1839
69
869
714
1520
1351
331
1535
129
1199
1901
635
1884
1688
968
1970
1549
196
1924
1289
264
373
46
165
819
1091
208
387
918
163
1906
1297
247
1956
1279
296
1769
1939
24
1291
1480
1327
323
491
1553
1885
1506
1409
1274
1607
1538
560
221
1853
798
1609
354
441
887
916
1390
1119
202
1112
911
243
1606
1052
1255
91
460
1636
521
1631
1892
1320
1145
468
44
1659
17
1908
506
1483
455
406
1399
1419
1927
1632
286
1610
717
1508
672
1407
1238
1496
1282
756
414
581
670
1880
64
557
397
254
591
1065
1404
225
718
909
188
125
192
156
463
1512
1272
881
1349
778
1362
801
207
224
1174
762
1115
990
746
1088
45
747
1926
115
1185
1968
1830
162
121
822
178
1445
846
1929
1345
794
1633
813
1809
841
769
945
969
116
1004
1338
688
1588
474
1346
954
596
1661
705
1643
122
1481
545
149
1071
1494
1700
1074
1361
226
1379
108
75
1376
1770
1150
384
915
721
1106
873
1318
978
1539
395
814
891
816
737
1777
821
15
1764
1749
587
522
227
602
1455
1358
868
365
51
1307
1783
785
1302
54
50
979
879
1504
507
1439
579
1995
1879
1266
139
1516
404
774
1374
547
1473
496
594
966
1101
835
1595
857
884
1149
90
502
423
1489
3
464
333
324
1952
1172
967
1137
770
344
43
1572
577
419
1031
20
677
1068
1355
1059
862
1424
637
140
1051
1619
595
103
381
1280
314
405
834
1097
114
277
457
1972
41
465
101
723
5
1670
1120
389
1679
1278
1629
189
338
1582
218
504
412
892
361
556
897
959
1943
461
592
623
29
153
1534
803
1935
707
642
1937
1637
236
1795
1450
190
1205
882
851
1522
1304
1273
65
776
1286
200
355
553
1870
234
512
1727
566
1580
390
379
839
38
1064
92
130
339
143
205
1323
537
1171
2
1405
752
370
789
250
66
1646
783
1181
575
466
135
1472
36
1252
1114
856
1127
336
1046
444
359
520
1773
690
1639
1389
1387
516
246
716
544
1514
569
831
1155
1061
477
1942
1563
639
358
1613
107
194
651
1335
60
950
678
307
150
1745
1527
158
453
160
1689
1683
1143
382
981
173
145
1559
1406
1487
1412
1733
1891
1702
342
615
1180
403
1221
1230
1990
1373
206
180
870
558
1034
863
1850
787
1277
701
197
94
1597
1997
280
1815
732
33
1581
852
1290
1846
99
1219
711
1723
1806
1833
311
1055
478
699
360
1677
469
1357
356
503
393
607
1117
1801
656
1072
1755
763
1024
435
731
1909
1513
446
1229
4
137
771
345
695
1959
937
861
1156
157
1528
1285
1894
21
322
629
268
1485
1099
1797
973
1036
470
1336
1186
445
481
886
1703
1370
920
894
315
1177
486
35
1324
127
1094
517
1717
1650
244
600
1240
1165
532
326
644
102
845
14
687
238
97
1132
281
410
1144
661
980
957
193
586
398
436
972
1821
1096
1314
133
63
273
1841
1890
1954
401
295
1078
1731
1896
867
1945
1919
1510
447
1557
1724
1548
452
255
12
1873
760
597
351
1686
377
318
706
1169
306
679
1761
186
1962
195
1069
1910
319
79
1603
634
543
1672
136
1329
1576
1275
1365
885
442
9
1138
1460
654
1710
965
61
1233
1248
279
298
674
874
505
1170
643
270
187
929
1707
1306
402
167
72
649
1823
673
1852
1874
620
1087
1591
489
777
1383
1443
958
1116
174
1235
745
164
1048
1914
692
438
883
571
582
55
1377
858
734
219
52
1316
1367
936
682
6
70
309
871
16
1442
808
276
956
523
1216
1014
773
1037
