92.45
88.75
99.55000000000001
70.1
93.4
94.05
86.0
88.25
87.5
82.0
92.0
71.15
37.85
89.2
53.0
51.349999999999994
87.8
78.0
21.05
80.9
39.95
62.1
84.55
65.85
95.1
91.3
83.45
49.8
90.55
78.3
78.95
96.0
87.85
78.2
42.35
41.15
31.6
73.05
38.25
70.0
52.0
95.6
79.35
53.5
38.3
91.60000000000001
66.7
98.35000000000001
35.449999999999996
79.60000000000001
98.45
30.049999999999997
47.75
80.75
59.85
61.1
62.949999999999996
77.5
67.05
39.65
82.45
48.85
59.45
91.25
62.25000000000001
50.05
59.4
51.0
51.65
33.550000000000004
93.45
41.9
84.85000000000001
88.4
49.25
98.75
66.95
93.75
93.30000000000001
92.7
77.0
64.95
41.65
44.0
40.300000000000004
34.9
59.5
67.4
67.7
87.0
73.55000000000001
61.4
85.8
83.65
97.89999999999999
70.05
56.15
77.10000000000001
75.9
70.7
87.94999999999999
37.05
54.25
35.099999999999994
91.35
91.10000000000001
91.55
28.799999999999997
86.1
59.150000000000006
91.2
66.5
51.15
51.74999999999999
14.549999999999999
56.05
58.3
58.8
4.9
33.800000000000004
99.95
87.3
60.85
11.95
42.15
69.3
93.60000000000001
59.199999999999996
86.4
30.599999999999998
91.4
91.7
56.75
95.55
81.89999999999999
76.5
42.95
58.35
82.39999999999999
98.95
85.9
54.65
50.5
64.2
47.55
98.05
55.55
14.2
26.3
84.65
24.2
62.45
63.55
37.0
77.60000000000001
18.099999999999998
75.85
75.0
52.5
67.2
23.65
29.5
38.4
80.85
89.5
89.0
68.4
86.9
50.64999999999999
70.8
82.05
56.2
19.7
30.3
82.19999999999999
13.750000000000002
96.65
18.35
64.60000000000001
72.85000000000001
64.7
82.85
59.9
80.7
14.099999999999998
84.95
60.35
25.900000000000002
59.650000000000006
56.25
78.4
87.55
88.1
80.05
9.950000000000001
22.400000000000002
43.6
76.64999999999999
84.2
65.64999999999999
27.700000000000003
50.1
51.4
60.4
40.1
73.45
8.95
54.6
19.25
89.3
87.9
90.85
34.55
33.4
55.2
71.3
69.85
42.1
62.35000000000001
88.0
24.95
57.05
24.6
46.050000000000004
40.25
32.300000000000004
38.95
18.3
68.0
32.75
76.44999999999999
67.95
23.75
71.25
77.14999999999999
74.2
99.8
94.89999999999999
71.5
50.55
72.3
52.900000000000006
54.449999999999996
54.900000000000006
70.75
29.95
38.05
18.4
21.95
86.6
58.9
61.3
99.2
74.6
78.85
19.15
26.900000000000002
52.2
46.25
13.0
77.05
35.65
4.2
71.8
50.4
97.2
82.65
46.5
79.65
34.8
42.75
60.699999999999996
92.25
47.05
83.15
86.85000000000001
37.1
94.95
90.7
61.550000000000004
75.44999999999999
81.05
87.35000000000001
10.549999999999999
17.4
99.3
72.95
55.15
71.0
90.35
72.89999999999999
57.099999999999994
44.9
32.85
94.39999999999999
85.25
30.55
77.2
88.6
31.900000000000002
56.45
14.149999999999999
17.45
68.55
36.9
98.8
53.75
98.9
28.7
62.849999999999994
78.55
30.85
41.4
73.3
12.65
67.65
59.699999999999996
84.7
46.300000000000004
1.0999999999999999
57.95
36.1
93.0
29.65
61.199999999999996
63.5
15.1
69.0
52.7
60.650000000000006
34.449999999999996
81.2
64.4
47.15
51.24999999999999
62.55
92.95
58.15
76.25
56.65
30.9
40.849999999999994
34.2
37.9
52.1
87.1
15.85
56.49999999999999
73.35000000000001
59.099999999999994
69.69999999999999
8.85
71.89999999999999
81.75
50.3
62.5
58.95
79.3
87.6
42.699999999999996
54.15
2.4
57.85
33.75
56.8
27.950000000000003
97.39999999999999
45.6
37.55
11.15
7.55
60.45
69.1
63.800000000000004
11.85
16.05
6.2
85.95
32.95
30.2
90.95
45.65
45.25
46.949999999999996
21.85
68.15
20.75
9.55
85.6
46.9
45.0
31.8
84.75
1.8499999999999999
63.0
94.75
93.35
11.75
77.7
90.0
66.85
10.6
20.549999999999997
53.349999999999994
99.25
97.35000000000001
1.35
11.600000000000001
30.5
27.55
72.6
29.25
66.25
56.10000000000001
83.2
29.9
28.9
82.75
32.05
58.199999999999996
97.5
1.55
8.05
38.2
68.60000000000001
47.199999999999996
75.1
13.55
15.6
7.3
16.35
40.550000000000004
76.8
60.5
44.65
88.94999999999999
37.5
10.85
38.75
50.8
43.9
81.10000000000001
44.45
48.75
52.800000000000004
21.55
49.85
93.85
73.75
84.89999999999999
49.65
80.60000000000001
70.55
61.0
79.5
63.14999999999999
10.2
34.050000000000004
15.4
48.15
88.35
52.05
39.4
31.05
90.14999999999999
72.55
79.9
36.4
91.0
64.05
83.55
98.25
15.049999999999999
61.6
66.3
20.849999999999998
21.5
60.050000000000004
29.4
26.450000000000003
15.8
92.15
68.89999999999999
83.3
96.5
72.39999999999999
99.4
20.9
32.0
14.45
36.65
8.799999999999999
49.45
11.450000000000001
71.7
64.14999999999999
50.74999999999999
37.75
3.65
19.6
23.95
35.4
73.15
98.55000000000001
65.60000000000001
99.15
55.400000000000006
92.10000000000001
84.5
80.10000000000001
87.05000000000001
47.0
87.15
93.10000000000001
58.099999999999994
46.35
65.0
4.75
54.75
13.3
18.45
23.549999999999997
52.349999999999994
70.85000000000001
12.8
72.65
57.599999999999994
90.4
49.55
45.7
41.25
79.14999999999999
18.55
21.3
69.19999999999999
48.5
24.9
24.65
46.6
28.4
90.10000000000001
62.3
64.8
30.15
76.6
22.0
95.15
12.9
71.85000000000001
74.3
39.1
56.99999999999999
71.75
64.9
72.0
43.75
62.150000000000006
31.1
78.75
4.15
60.0
35.6
76.14999999999999
50.449999999999996
28.349999999999998
33.1
18.8
30.7
1.95
81.35
32.6
30.45
60.75000000000001
77.9
34.150000000000006
74.65
24.7
4.3999999999999995
92.2
56.699999999999996
88.55
68.30000000000001
69.55
18.2
58.050000000000004
78.45
69.65
3.9
91.9
60.6
31.5
78.10000000000001
57.65
34.699999999999996
41.199999999999996
96.55
85.7
37.7
85.55
24.4
55.65
99.0
73.8
79.80000000000001
5.25
18.9
45.1
80.0
91.75
59.75
99.35000000000001
55.1
24.349999999999998
53.65
43.25
32.25
43.8
68.45
51.05
95.75
3.6999999999999997
50.849999999999994
8.6
20.4
81.5
28.999999999999996
47.65
79.2
89.55
91.8
35.15
98.7
82.25
88.3
44.4
15.5
55.50000000000001
86.75
56.55
72.35000000000001
97.55
57.9
70.15
41.5
2.0
39.800000000000004
76.85
80.55
5.3
70.89999999999999
84.25
90.9
40.0
30.4
43.2
52.25
99.7
74.5
89.25
83.1
73.4
96.7
1.25
2.1
45.2
37.45
2.8000000000000003
98.0
73.95
16.25
85.39999999999999
73.9
82.1
71.55
29.15
10.8
25.05
69.75
95.65
83.75
74.85000000000001
73.1
74.75
76.3
92.85
67.5
62.050000000000004
0.4
73.2
37.65
55.35
84.0
63.4
45.15
46.150000000000006
21.2
89.45
69.05
60.099999999999994
21.4
68.2
50.349999999999994
22.8
33.25
12.25
96.6
9.25
83.7
45.85
12.85
68.75
66.64999999999999
13.25
90.5
10.05
93.05
82.55
21.099999999999998
30.25
82.8
82.89999999999999
45.95
15.2
90.60000000000001
57.3
27.400000000000002
48.55
22.15
17.349999999999998
26.400000000000002
3.4000000000000004
0.65
1.6
42.199999999999996
37.15
17.05
42.449999999999996
7.199999999999999
55.45
81.69999999999999
84.8
16.45
15.65
94.3
36.35
27.05
65.95
66.55
20.65
26.25
12.1
92.4
96.89999999999999
28.599999999999998
49.4
95.89999999999999
53.800000000000004
5.2
78.05
41.3
56.3
87.2
69.8
97.0
9.2
71.45
14.6
53.949999999999996
4.1000000000000005
67.80000000000001
98.65
67.0
60.3
83.35000000000001
49.3
50.24999999999999
6.550000000000001
49.7
52.449999999999996
76.2
49.6
5.0
39.6
20.0
10.15
70.5
54.50000000000001
7.1
32.65
25.650000000000002
13.450000000000001
21.25
72.8
0.0
54.0
46.7
24.099999999999998
78.7
0.5
1.3
36.199999999999996
51.6
94.15
30.95
5.65
77.3
40.5
96.05
35.5
74.9
16.0
61.8
26.35
6.15
36.3
59.8
17.65
79.45
86.3
20.349999999999998
87.64999999999999
47.599999999999994
92.75
5.8999999999999995
5.6000000000000005
83.89999999999999
90.8
89.7
47.4
28.199999999999996
18.6
14.499999999999998
8.75
2.65
76.05
63.349999999999994
89.1
77.25
85.45
19.8
89.8
17.599999999999998
9.049999999999999
8.5
47.349999999999994
25.7
85.65
28.050000000000004
22.95
66.05
17.849999999999998
45.4
12.950000000000001
7.3999999999999995
87.7
87.4
81.39999999999999
46.75
95.35
65.14999999999999
7.6
84.6
12.0
34.849999999999994
40.2
13.700000000000001
9.1
61.25000000000001
96.15
91.45
22.5
97.05
76.55
97.75
4.05
24.25
39.0
6.3
96.39999999999999
42.5
4.35
39.75
51.949999999999996
99.6
71.6
0.35000000000000003
73.7
12.6
93.15
31.35
78.35
49.9
50.949999999999996
22.45
98.2
94.85
95.8
25.95
2.9000000000000004
0.95
13.350000000000001
75.55
10.7
45.300000000000004
96.8
8.4
27.500000000000004
72.05
27.0
80.2
21.349999999999998
95.25
78.25
46.650000000000006
42.4
36.449999999999996
1.4000000000000001
55.25
14.649999999999999
62.9
28.1
16.400000000000002
67.35
39.5
44.5
49.75
27.6
29.2
67.10000000000001
99.45
19.400000000000002
14.399999999999999
83.25
11.5
99.1
3.85
25.5
78.9
51.9
21.0
1.15
97.85000000000001
92.80000000000001
60.199999999999996
26.650000000000002
72.7
38.6
18.75
56.39999999999999
39.300000000000004
35.0
34.0
7.049999999999999
46.1
94.65
72.45
33.15
62.8
44.95
48.0
19.55
98.85000000000001
83.39999999999999
66.4
4.65
44.75
40.45
36.75
36.8
16.7
47.449999999999996
47.3
7.95
57.35
19.3
48.199999999999996
31.55
13.15
37.2
31.3
37.4
23.1
57.4
4.8
43.3
86.7
77.8
78.64999999999999
85.3
71.05
65.45
23.599999999999998
40.35
40.6
0.5499999999999999
26.700000000000003
56.95
99.65
64.64999999999999
1.5
15.25
41.0
73.5
53.300000000000004
14.7
17.0
60.150000000000006
52.849999999999994
18.15
66.10000000000001
90.25
54.2
28.249999999999996
85.05
33.2
82.69999999999999
6.6000000000000005
13.05
46.2
28.499999999999996
48.05
65.55
8.3
48.1
22.55
32.9
21.7
93.25
13.600000000000001
95.19999999999999
22.7
80.25
90.2
35.949999999999996
73.85000000000001
25.45
51.5
41.85
79.7
73.25
2.85
11.0
10.45
45.050000000000004
95.0
21.6
71.65
63.24999999999999
49.1
34.25
58.75
0.05
94.45
84.35000000000001
99.05000000000001
75.35
58.650000000000006
24.15
83.8
54.300000000000004
99.9
93.55
63.1
89.05
66.60000000000001
25.75
54.05
21.65
62.2
60.550000000000004
28.65
93.8
6.4
96.25
2.45
51.1
98.3
57.550000000000004
75.14999999999999
4.0
81.3
10.65
41.449999999999996
52.65
84.05
25.55
8.450000000000001
55.900000000000006
12.4
40.9
6.9
36.5
86.25
71.1
17.299999999999997
86.95
77.75
88.9
75.05
14.35
11.65
49.15
79.95
55.00000000000001
30.65
83.0
79.25
61.7
37.95
35.75
17.5
46.400000000000006
14.249999999999998
63.05
70.65
32.4
49.35
15.0
50.14999999999999
29.45
51.300000000000004
70.39999999999999
88.7
61.35
42.0
26.8
64.75
26.950000000000003
46.550000000000004
81.15
10.75
19.950000000000003
72.2
51.449999999999996
50.0
62.7
33.0
75.75
45.5
6.0
26.5
61.150000000000006
98.15
61.95
75.94999999999999
50.9
35.199999999999996
31.25
11.55
88.8
21.45
32.35
89.35
27.1
32.5
71.35000000000001
36.0
38.35
12.049999999999999
15.15
28.15
67.15
12.45
5.45
39.550000000000004
69.6
14.95
25.4
97.3
53.15
92.9
16.85
41.8
24.0
31.2
63.449999999999996
97.65
52.15
3.35
74.95
49.2
65.4
7.7
27.750000000000004
96.1
16.5
36.25
67.60000000000001
65.05
7.35
36.95
7.75
9.9
90.64999999999999
93.89999999999999
75.25
61.85000000000001
13.900000000000002
94.35
89.4
89.60000000000001
13.100000000000001
77.35
50.6
18.7
74.55000000000001
92.55
39.85
27.3
89.9
53.1
41.349999999999994
71.39999999999999
4.25
88.14999999999999
5.8500000000000005
24.85
63.2
11.4
11.1
86.45
57.99999999999999
45.35
20.8
59.550000000000004
82.35
92.35
16.6
34.65
23.799999999999997
20.45
41.6
19.0
14.85
17.150000000000002
59.599999999999994
95.85000000000001
80.4
26.55
33.45
34.300000000000004
47.099999999999994
22.900000000000002
48.699999999999996
74.1
64.35
58.4
49.95
89.64999999999999
43.85
5.55
81.0
69.89999999999999
74.4
59.35
31.4
26.75
54.1
24.75
78.5
42.65
3.55
2.9499999999999997
94.1
89.95
62.64999999999999
69.39999999999999
65.5
3.8
24.5
81.25
53.849999999999994
25.0
48.8
0.8999999999999999
2.35
77.55
30.8
85.2
9.15
44.800000000000004
85.75
65.75
57.699999999999996
10.5
80.80000000000001
40.75
60.9
39.050000000000004
86.05000000000001
65.25
8.55
91.85
23.35
82.6
69.25
97.45
86.8
5.949999999999999
26.200000000000003
16.75
4.3
31.65
84.1
6.7
33.300000000000004
4.45
27.450000000000003
5.5
33.35
86.5
12.55
93.2
39.2
1.7000000000000002
43.0
3.1
91.95
3.45
43.45
35.699999999999996
76.0
67.55
16.55
76.75
6.45
59.95
95.05
31.75
94.19999999999999
84.39999999999999
48.4
98.5
77.45
9.8
96.2
64.45
13.200000000000001
18.65
2.3
8.25
40.949999999999996
54.55
10.4
19.35
45.9
8.15
95.3
64.85
12.35
97.8
63.949999999999996
14.799999999999999
88.44999999999999
96.95
1.2
64.55
74.0
66.35
16.150000000000002
24.55
77.64999999999999
94.25
75.3
70.45
63.7
80.35
76.9
28.000000000000004
11.05
92.65
39.900000000000006
80.45
17.7
22.05
44.35
45.800000000000004
69.5
55.95
10.100000000000001
55.60000000000001
45.550000000000004
12.15
80.30000000000001
52.6
62.74999999999999
4.55
23.0
81.8
26.05
81.55
94.6
66.0
57.25
23.400000000000002
2.1999999999999997
82.95
0.8500000000000001
95.39999999999999
25.3
74.15
22.75
20.3
69.95
70.95
96.35000000000001
81.6
14.299999999999999
80.5
35.85
75.4
33.6
70.35
61.9
74.8
64.1
37.8
20.7
29.049999999999997
33.5
94.0
3.2
27.85
19.85
12.7
29.549999999999997
53.25
70.19999999999999
11.25
35.9
45.45
9.4
6.25
9.6
7.8
23.150000000000002
75.6
63.6
44.05
67.45
38.9
68.10000000000001
40.050000000000004
10.35
11.200000000000001
58.699999999999996
38.1
55.75
49.5
37.3
54.400000000000006
2.25
37.35
96.3
5.75
59.25
98.4
91.5
8.1
6.05
41.099999999999994
8.9
72.25
42.3
96.45
67.25
39.7
81.65
40.65
90.45
42.05
38.45
47.25
48.449999999999996
5.800000000000001
50.2
66.9
34.4
79.4
23.7
67.30000000000001
47.699999999999996
29.799999999999997
83.05
35.25
82.15
6.1
74.05000000000001
27.250000000000004
7.449999999999999
53.55
74.7
85.0
53.7
68.05
11.3
68.95
5.4
3.75
68.8
88.5
57.49999999999999
19.2
45.75
36.05
55.300000000000004
43.65
65.9
48.9
76.95
19.75
40.699999999999996
44.55
40.8
36.85
88.85
41.05
0.75
88.2
87.45
29.349999999999998
26.1
11.35
30.099999999999998
72.75
67.9
43.4
18.25
2.55
65.35
89.14999999999999
39.25
65.10000000000001
2.7
2.5
48.949999999999996
43.95
75.2
25.35
71.95
28.95
99.75
93.95
63.3
6.950000000000001
75.8
20.200000000000003
38.7
68.7
27.35
73.65
24.8
29.7
48.3
55.05
41.75
79.75
42.85
44.2
57.45
4.5
25.1
21.15
74.45
0.15
23.200000000000003
16.650000000000002
16.2
97.6
58.599999999999994
48.35
56.85
38.5
17.2
2.15
78.60000000000001
28.849999999999998
20.95
51.55
1.0
33.85
53.400000000000006
67.75
52.949999999999996
43.1
71.2
31.85
7.000000000000001
52.55
80.95
29.75
5.1499999999999995
19.05
64.0
15.7
20.25
41.699999999999996
54.85
5.7
13.850000000000001
22.85
98.6
2.0500000000000003
23.25
5.050000000000001
36.15
0.25
83.5
56.00000000000001
19.45
83.95
63.9
81.45
9.45
16.900000000000002
79.10000000000001
10.9
25.2
20.599999999999998
44.6
18.05
27.800000000000004
44.85
47.949999999999996
97.15
23.05
29.599999999999998
31.15
1.4500000000000002
7.6499999999999995
76.7
40.150000000000006
96.75
35.35
32.1
96.85000000000001
81.85
11.799999999999999
89.75
72.5
9.5
60.25
44.1
42.55
76.1
65.2
63.65
3.25
38.800000000000004
64.3
10.0
17.75
27.650000000000002
93.5
11.700000000000001
25.6
86.35000000000001
28.299999999999997
79.0
19.5
18.95
41.949999999999996
1.9
53.2
4.6
6.5
16.950000000000003
7.1499999999999995
10.25
66.14999999999999
26.85
58.550000000000004
0.1
70.25
37.6
18.5
39.45
12.5
3.3000000000000003
82.3
39.15
59.050000000000004
28.749999999999996
23.3
6.75
73.6
1.7999999999999998
62.6
55.7
42.8
56.35
16.8
52.300000000000004
22.2
17.95
26.0
88.64999999999999
34.5
81.95
69.45
69.35
25.8
12.3
35.8
27.200000000000003
75.7
28.449999999999996
41.55
57.75
53.05
23.849999999999998
97.1
78.14999999999999
31.95
17.9
80.65
5.35
9.700000000000001
32.550000000000004
66.75
3.0
47.5
33.900000000000006
15.35
7.5
87.25
76.35
7.9
22.650000000000002
8.0
84.45
84.15
57.15
19.1
49.05
8.649999999999999
7.249999999999999
77.95
70.3
74.35000000000001
70.6
86.65
94.55
85.1
17.1
30.75
59.0
20.150000000000002
61.050000000000004
61.5
99.5
68.65
10.299999999999999
9.0
43.5
27.900000000000002
51.7
43.15
92.5
39.35
63.849999999999994
35.05
9.85
4.7
79.85
99.85000000000001
14.000000000000002
90.75
36.6
1.6500000000000001
79.05
42.6
64.5
92.30000000000001
4.95
60.95
35.55
86.15
90.3
91.64999999999999
15.55
52.75
23.9
34.949999999999996
18.0
83.85000000000001
23.45
67.85
17.8
25.15
19.650000000000002
30.349999999999998
55.85
90.05
32.800000000000004
53.6
87.75
38.15
51.2
21.75
36.55
95.45
75.64999999999999
22.3
61.45
0.2
6.8500000000000005
38.550000000000004
17.25
34.75
97.95
46.85
43.05
57.8
7.85
76.4
64.25
94.69999999999999
1.05
16.1
31.45
13.4
74.25
54.949999999999996
89.85
48.65
51.800000000000004
23.5
66.8
59.3
22.25
24.05
44.3
85.15
68.5
46.0
44.7
15.75
58.85
24.3
1.7500000000000002
66.2
6.35
54.7
25.85
85.85000000000001
82.5
12.2
30.0
62.0
58.25
26.6
16.3
32.2
5.1
42.25
0.7000000000000001
34.35
11.899999999999999
4.8500000000000005
56.599999999999994
14.05
20.5
57.199999999999996
33.050000000000004
49.0
47.85
9.65
29.299999999999997
19.900000000000002
21.8
48.6
91.05
54.800000000000004
65.7
6.65
3.15
13.65
92.05
94.5
97.7
20.05
14.75
53.900000000000006
86.55000000000001
94.8
43.35
97.25
95.95
75.5
22.35
77.85
86.2
77.4
22.6
12.75
0.6
93.65
38.0
29.849999999999998
17.549999999999997
84.3
18.85
15.9
35.3
58.45
15.299999999999999
33.95
88.05
9.3
98.1
9.75
53.449999999999996
95.5
15.950000000000001
3.95
80.15
31.7
27.150000000000002
83.6
6.800000000000001
66.45
78.8
63.74999999999999
68.25
44.25
22.1
0.44999999999999996
56.89999999999999
73.0
32.7
85.5
48.25
3.05
61.650000000000006
62.4
13.950000000000001
14.899999999999999
33.7
43.7
25.25
58.5
32.15
13.5
9.35
46.45
85.35000000000001
65.3
20.1
8.35
3.5999999999999996
32.45
91.14999999999999
33.650000000000006
92.60000000000001
93.7
31.0
54.35
79.55
24.45
38.85
69.15
72.15
47.9
55.800000000000004
8.7
61.75000000000001
37.25
8.200000000000001
52.400000000000006
95.7
34.599999999999994
21.9
44.15
28.549999999999997
29.099999999999998
2.75
68.85
42.9
36.7
10.95
2.6
65.8
68.35
46.800000000000004
34.1
0.3
3.5000000000000004
15.45
43.55
0.8
72.1
40.400000000000006
13.8
47.8
26.150000000000002
60.8
50.7
38.65
51.849999999999994
